marker , chromosome , position , A , B , AxB0001 , AxB0002 , AxB0003 , AxB0004 , AxB0005 , AxB0006 , AxB0007 , AxB0008 , AxB0009 , AxB0010
A_0001 , A , 0 , 1|1|2|1 , 2|2|1|1 , 1|4|6|5 , 2|3|8|6 , 3|4|5|8 , 4|3|5|8 , 3|1|5|6 , 2|1|6|7 , 4|3|8|6 , 1|2|8|6 , 1|3|6|5 , 2|1|5|6
A_0004 , A , 0.54 , 1|2|2|2 , 2|2|2|2 , 1|4|6|5 , 2|3|8|6 , 3|4|5|8 , 4|3|5|8 , 3|1|5|6 , 2|1|6|7 , 4|3|8|6 , 1|2|8|6 , 1|3|6|5 , 2|1|5|6
A_0008 , A , 3.16 , 1|2|1|1 , 1|1|2|1 , 1|4|7|5 , 2|3|8|6 , 3|4|5|8 , 4|3|5|8 , 3|1|5|6 , 2|1|6|7 , 4|3|8|6 , 1|2|8|6 , 1|3|6|5 , 2|1|5|6
A_0009 , A , 4.6 , 1|1|2|1 , 2|1|1|1 , 1|4|7|5 , 2|3|8|6 , 3|4|5|8 , 4|3|5|8 , 3|1|5|6 , 2|1|6|7 , 4|3|8|6 , 1|2|8|6 , 1|3|6|5 , 2|1|5|6
A_0010 , A , 5.57 , 2|2|2|2 , 1|2|2|2 , 1|4|7|5 , 2|3|8|6 , 3|2|5|8 , 4|3|5|8 , 3|1|5|6 , 2|1|6|7 , 4|3|8|6 , 1|2|8|6 , 1|3|6|5 , 2|1|5|6
A_0011 , A , 7.26 , 2|1|2|2 , 2|2|1|2 , 1|4|7|5 , 2|3|8|6 , 3|2|5|8 , 4|3|5|8 , 3|1|5|6 , 2|1|6|7 , 4|3|8|6 , 1|2|8|6 , 1|3|6|5 , 2|1|5|6
A_0012 , A , 7.26 , 1|1|2|1 , 2|2|1|1 , 1|4|7|5 , 2|3|8|6 , 3|2|5|8 , 4|3|5|8 , 3|1|5|6 , 2|1|6|7 , 4|3|8|6 , 1|2|8|6 , 1|3|6|5 , 2|1|5|6
A_0013 , A , 7.26 , 1|1|2|1 , 1|1|1|1 , 1|4|7|5 , 2|3|8|6 , 3|2|5|8 , 4|3|5|8 , 3|1|5|6 , 2|1|6|7 , 4|3|8|6 , 1|2|8|6 , 1|3|6|5 , 2|1|5|6
A_0014 , A , 9.41 , 2|1|2|2 , 2|2|1|2 , 1|4|7|5 , 2|3|8|6 , 3|2|5|8 , 4|3|5|8 , 3|1|5|6 , 2|1|6|7 , 4|1|8|6 , 1|2|8|6 , 1|3|6|5 , 2|1|5|6
A_0015 , A , 9.41 , 1|2|1|1 , 1|1|2|1 , 1|4|7|5 , 2|3|8|6 , 3|2|5|8 , 4|3|5|8 , 3|1|5|6 , 2|1|6|7 , 4|1|8|6 , 1|2|8|6 , 1|3|6|5 , 2|1|5|6
A_0016 , A , 9.41 , 2|2|2|2 , 2|2|2|1 , 1|4|7|5 , 2|3|8|6 , 3|2|5|8 , 4|3|5|8 , 3|1|5|6 , 2|1|6|7 , 4|1|8|6 , 1|2|8|6 , 1|3|6|5 , 2|1|5|6
A_0018 , A , 12.01 , 2|2|1|2 , 2|2|2|2 , 1|4|7|5 , 2|3|8|6 , 3|2|5|8 , 4|3|5|8 , 3|1|5|6 , 2|1|6|7 , 4|1|8|6 , 1|2|8|6 , 1|3|6|5 , 2|1|5|6
A_0019 , A , 12.01 , 2|1|2|1 , 2|2|1|2 , 1|4|7|5 , 2|3|8|6 , 3|2|5|8 , 4|3|5|8 , 3|1|5|6 , 2|1|6|7 , 4|1|8|6 , 1|2|8|6 , 1|3|6|5 , 2|1|5|6
A_0020 , A , 12.34 , 2|2|2|2 , 2|1|2|1 , 1|4|7|5 , 2|3|8|6 , 3|2|5|8 , 4|3|5|8 , 3|1|5|6 , 2|1|6|7 , 4|1|8|6 , 1|2|8|6 , 1|3|6|5 , 2|1|5|6
A_0022 , A , 13.33 , 2|1|2|1 , 2|2|2|2 , 1|4|7|5 , 2|3|8|6 , 3|2|5|8 , 4|3|5|8 , 3|1|5|6 , 2|1|6|7 , 4|1|8|6 , 1|2|8|6 , 1|3|6|5 , 2|1|5|6
A_0024 , A , 14.13 , 1|1|2|1 , 2|1|2|1 , 1|4|7|5 , 2|3|8|6 , 3|2|5|8 , 4|3|5|8 , 3|1|5|6 , 2|1|6|7 , 4|1|8|6 , 1|2|8|6 , 1|3|6|5 , 2|1|5|6
A_0025 , A , 14.13 , 1|2|1|2 , 1|2|1|2 , 1|4|7|5 , 2|3|8|6 , 3|2|5|8 , 4|3|5|8 , 3|1|5|6 , 2|1|6|7 , 4|1|8|6 , 1|2|8|6 , 1|3|6|5 , 2|1|5|6
A_0026 , A , 14.13 , 1|1|1|1 , 1|2|1|2 , 1|4|7|5 , 2|3|8|6 , 3|2|5|8 , 4|3|5|8 , 3|1|5|6 , 2|1|6|7 , 4|1|8|6 , 1|2|8|6 , 1|3|6|5 , 2|1|5|6
A_0027 , A , 15.33 , 2|1|2|1 , 1|1|1|1 , 1|4|7|5 , 2|3|8|6 , 3|2|5|8 , 4|3|5|8 , 3|1|5|6 , 2|1|6|7 , 4|1|8|6 , 1|2|8|6 , 1|3|6|5 , 2|1|5|6
A_0028 , A , 15.33 , 2|2|2|1 , 2|2|2|1 , 1|4|7|5 , 2|3|8|6 , 3|2|5|8 , 4|3|5|8 , 3|1|5|6 , 2|1|6|7 , 4|1|8|6 , 1|2|8|6 , 1|3|6|5 , 2|1|5|6
A_0029 , A , 16.77 , 1|2|2|2 , 1|2|1|2 , 1|4|7|5 , 2|3|8|6 , 3|2|5|8 , 4|3|5|8 , 3|1|5|6 , 2|1|6|7 , 4|1|8|6 , 1|2|8|6 , 1|3|6|5 , 2|1|5|6
A_0030 , A , 16.77 , 1|1|2|2 , 1|2|2|2 , 1|4|7|5 , 2|3|8|6 , 3|2|5|8 , 4|3|5|8 , 3|1|5|6 , 2|1|6|7 , 4|1|8|6 , 1|2|8|6 , 1|3|6|5 , 2|1|5|6
A_0031 , A , 16.77 , 1|1|1|1 , 1|2|1|2 , 1|4|7|5 , 2|3|8|6 , 3|2|5|8 , 4|3|5|8 , 3|1|5|6 , 2|1|6|7 , 4|1|8|6 , 1|2|8|6 , 1|3|6|5 , 2|1|5|6
A_0032 , A , 18.6 , 1|2|1|1 , 2|1|1|1 , 1|4|7|5 , 2|3|8|6 , 3|2|5|8 , 4|3|5|8 , 3|1|5|6 , 2|1|6|7 , 4|1|8|6 , 1|2|8|5 , 1|3|6|5 , 2|1|5|6
A_0033 , A , 18.94 , 2|2|1|1 , 2|2|2|2 , 1|4|7|5 , 2|3|8|6 , 3|2|5|8 , 4|3|5|8 , 3|1|5|6 , 2|1|6|7 , 4|1|8|6 , 1|2|8|5 , 1|3|6|5 , 2|1|5|6
A_0034 , A , 20.45 , 2|2|2|2 , 2|2|2|1 , 1|4|7|5 , 2|3|8|6 , 3|2|5|8 , 4|3|5|8 , 3|1|5|6 , 2|1|6|7 , 4|1|8|6 , 1|2|8|5 , 1|3|6|5 , 2|1|5|6
A_0037 , A , 20.45 , 2|2|1|1 , 2|2|2|2 , 1|4|7|5 , 2|3|8|6 , 3|2|5|8 , 4|3|5|8 , 3|1|5|6 , 2|1|6|7 , 4|1|8|6 , 1|2|8|5 , 1|3|6|5 , 2|1|5|6
A_0038 , A , 22.52 , 1|1|1|1 , 1|1|1|2 , 1|4|7|5 , 2|3|8|6 , 3|2|5|8 , 4|3|5|8 , 3|1|5|6 , 2|1|6|7 , 4|1|8|6 , 1|2|8|5 , 1|3|6|5 , 2|1|5|6
A_0039 , A , 22.52 , 2|2|2|2 , 2|2|2|1 , 1|4|7|5 , 2|3|8|6 , 3|2|5|8 , 4|3|5|8 , 3|1|5|6 , 2|1|6|7 , 4|1|8|6 , 1|2|8|5 , 1|3|6|5 , 2|1|5|6
A_0040 , A , 22.52 , 2|2|1|2 , 2|2|2|2 , 1|4|7|5 , 2|3|8|6 , 3|2|5|8 , 4|3|5|8 , 3|1|5|6 , 2|1|6|7 , 4|1|8|6 , 1|2|8|5 , 1|3|6|5 , 2|1|5|6
A_0041 , A , 22.52 , 2|2|2|1 , 1|2|2|2 , 1|4|7|5 , 2|3|8|6 , 3|2|5|8 , 4|3|5|8 , 3|1|5|6 , 2|1|6|7 , 4|1|8|6 , 1|2|8|5 , 1|3|6|5 , 2|1|5|6
A_0042 , A , 24.07 , 2|2|2|1 , 1|2|2|2 , 1|4|7|5 , 2|3|8|6 , 3|2|5|8 , 4|3|5|8 , 3|1|5|6 , 2|1|6|7 , 4|1|8|6 , 1|2|8|5 , 1|3|6|5 , 2|1|5|6
A_0043 , A , 24.88 , 2|2|1|2 , 2|2|2|2 , 1|4|7|5 , 2|3|8|6 , 3|2|5|8 , 4|3|5|8 , 3|1|5|6 , 2|1|6|7 , 4|1|8|6 , 1|2|8|5 , 1|3|6|5 , 2|1|5|6
A_0044 , A , 24.88 , 2|1|2|2 , 2|2|1|2 , 1|4|7|5 , 2|3|8|6 , 3|2|5|8 , 4|3|5|8 , 3|1|5|6 , 2|1|6|7 , 4|1|8|6 , 1|2|8|5 , 1|3|6|5 , 2|1|5|6
A_0045 , A , 24.88 , 2|1|1|2 , 2|1|1|1 , 1|4|7|5 , 2|3|8|6 , 3|2|5|8 , 4|3|5|8 , 3|1|5|6 , 2|1|6|7 , 4|1|8|6 , 1|2|8|5 , 1|3|6|5 , 2|1|5|6
A_0046 , A , 24.88 , 2|1|1|2 , 2|1|1|1 , 1|4|7|5 , 2|3|8|6 , 3|2|5|8 , 4|3|5|8 , 3|1|5|6 , 2|1|6|7 , 4|1|8|6 , 1|2|8|5 , 1|3|6|5 , 2|1|5|6
A_0047 , A , 24.88 , 1|1|1|2 , 2|1|1|1 , 1|4|7|5 , 2|3|8|6 , 3|2|5|8 , 4|3|5|8 , 3|1|5|6 , 2|1|6|7 , 4|1|8|6 , 1|2|8|5 , 1|3|6|5 , 2|1|5|6
A_0048 , A , 26.44 , 1|1|2|1 , 1|2|1|2 , 1|4|7|5 , 2|3|8|6 , 3|2|5|8 , 4|3|5|8 , 3|1|5|6 , 2|1|6|7 , 4|3|8|6 , 1|2|8|5 , 1|3|6|5 , 2|1|5|6
A_0049 , A , 26.44 , 1|1|1|2 , 2|1|1|1 , 1|4|7|5 , 2|3|8|6 , 3|2|5|8 , 4|3|5|8 , 3|1|5|6 , 2|1|6|7 , 4|3|8|6 , 1|2|8|5 , 1|3|6|5 , 2|1|5|6
A_0050 , A , 26.44 , 2|2|2|1 , 1|2|2|2 , 1|4|7|5 , 2|3|8|6 , 3|2|5|8 , 4|3|5|8 , 3|1|5|6 , 2|1|6|7 , 4|3|8|6 , 1|2|8|5 , 1|3|6|5 , 2|1|5|6
A_0051 , A , 27.94 , 2|1|2|2 , 2|2|1|2 , 1|2|7|5 , 2|3|8|6 , 3|2|5|8 , 4|3|5|8 , 3|1|5|6 , 2|1|6|7 , 4|3|8|6 , 1|2|8|5 , 1|3|6|5 , 2|1|5|6
A_0053 , A , 27.96 , 2|1|2|2 , 2|2|1|2 , 1|2|7|5 , 2|3|8|6 , 3|2|5|8 , 4|3|5|8 , 3|1|5|6 , 2|1|6|7 , 4|3|8|6 , 1|2|8|5 , 1|3|6|5 , 2|1|5|6
A_0054 , A , 27.96 , 1|1|1|2 , 2|1|1|1 , 1|2|7|5 , 2|3|8|6 , 3|2|5|8 , 4|3|5|8 , 3|1|5|6 , 2|1|6|7 , 4|3|8|6 , 1|2|8|5 , 1|3|6|5 , 2|1|5|6
A_0055 , A , 28.45 , 1|2|1|1 , 1|1|2|1 , 1|2|7|5 , 2|3|8|6 , 3|2|5|8 , 4|3|5|8 , 3|1|5|6 , 2|1|6|7 , 4|3|8|6 , 1|2|8|5 , 1|3|6|5 , 2|1|5|6
A_0056 , A , 28.66 , 2|1|2|2 , 2|2|1|2 , 1|2|7|5 , 2|3|8|6 , 3|2|5|8 , 4|3|5|8 , 3|1|5|6 , 2|1|6|7 , 4|3|8|6 , 1|2|8|5 , 1|3|6|5 , 2|1|5|6
A_0058 , A , 31.14 , 1|1|1|1 , 1|1|1|2 , 1|2|7|5 , 2|3|8|6 , 3|2|5|8 , 4|3|5|8 , 3|1|6|6 , 2|1|6|7 , 4|3|8|6 , 1|2|8|5 , 1|3|6|5 , 2|1|5|6
A_0059 , A , 31.14 , 1|2|1|1 , 1|1|1|1 , 1|2|7|5 , 2|3|8|6 , 3|2|5|8 , 4|3|5|8 , 3|1|6|6 , 2|1|6|7 , 4|3|8|6 , 1|2|8|5 , 1|3|6|5 , 2|1|5|6
A_0060 , A , 33.13 , 2|2|2|1 , 1|2|2|2 , 1|2|7|5 , 2|3|8|6 , 3|2|5|8 , 4|3|5|8 , 3|1|6|6 , 2|1|6|7 , 4|3|8|6 , 1|2|8|5 , 1|3|8|5 , 2|1|8|6
A_0061 , A , 33.13 , 2|1|1|2 , 2|1|1|1 , 1|2|7|5 , 2|3|8|6 , 3|2|5|8 , 4|3|5|8 , 3|1|6|6 , 2|1|6|7 , 4|3|8|6 , 1|2|8|5 , 1|3|8|5 , 2|1|8|6
A_0062 , A , 33.13 , 2|1|1|1 , 1|1|1|1 , 1|2|7|5 , 2|3|8|6 , 3|2|5|8 , 4|3|5|8 , 3|1|6|6 , 2|1|6|7 , 4|3|8|6 , 1|2|8|5 , 1|3|8|5 , 2|1|8|6
A_0063 , A , 33.13 , 2|1|2|2 , 2|2|1|1 , 1|2|7|5 , 2|3|8|6 , 3|2|5|8 , 4|3|5|8 , 3|1|6|6 , 2|1|6|7 , 4|3|8|6 , 1|2|8|5 , 1|3|8|5 , 2|1|8|6
A_0064 , A , 34.11 , 2|2|1|2 , 2|1|2|2 , 1|2|7|5 , 2|3|8|6 , 3|2|5|8 , 4|3|5|8 , 3|1|6|6 , 2|1|6|7 , 4|3|8|6 , 1|2|8|5 , 1|3|8|5 , 2|1|8|6
A_0067 , A , 34.11 , 1|2|1|1 , 1|1|2|2 , 1|2|7|5 , 2|3|8|6 , 3|2|5|8 , 4|3|5|8 , 3|1|6|6 , 2|1|6|7 , 4|3|8|6 , 1|2|8|5 , 1|3|8|5 , 2|1|8|6
A_0068 , A , 35.5 , 1|1|1|2 , 2|1|1|1 , 1|2|7|5 , 2|3|8|6 , 3|2|5|8 , 4|3|5|8 , 3|1|6|6 , 2|1|6|7 , 4|3|8|6 , 1|2|8|5 , 1|3|8|5 , 2|1|5|6
A_0069 , A , 36.21 , 1|1|2|1 , 1|2|1|1 , 1|2|7|5 , 2|3|8|6 , 3|2|5|8 , 4|3|5|8 , 3|1|6|6 , 2|1|6|7 , 4|3|8|6 , 1|2|8|5 , 1|3|8|5 , 2|1|5|6
A_0070 , A , 36.21 , 1|1|1|2 , 2|1|1|1 , 1|2|7|5 , 2|3|8|6 , 3|2|5|8 , 4|3|5|8 , 3|1|6|6 , 2|1|6|7 , 4|3|8|6 , 1|2|8|5 , 1|3|8|5 , 2|1|5|6
A_0071 , A , 36.21 , 1|2|2|2 , 2|2|2|2 , 1|2|7|5 , 2|3|8|6 , 3|2|5|8 , 4|3|5|8 , 3|1|6|6 , 2|1|6|7 , 4|3|8|6 , 1|2|8|5 , 1|3|8|5 , 2|1|5|6
A_0072 , A , 36.21 , 2|2|2|1 , 1|2|2|2 , 1|2|7|5 , 2|3|8|6 , 3|2|5|8 , 4|3|5|8 , 3|1|6|6 , 2|1|6|7 , 4|3|8|6 , 1|2|8|5 , 1|3|8|5 , 2|1|5|6
A_0073 , A , 36.21 , 1|1|1|2 , 2|1|1|1 , 1|2|7|5 , 2|3|8|6 , 3|2|5|8 , 4|3|5|8 , 3|1|6|6 , 2|1|6|7 , 4|3|8|6 , 1|2|8|5 , 1|3|8|5 , 2|1|5|6
A_0074 , A , 36.21 , 2|1|2|2 , 2|2|1|1 , 1|2|7|5 , 2|3|8|6 , 3|2|5|8 , 4|3|5|8 , 3|1|6|6 , 2|1|6|7 , 4|3|8|6 , 1|2|8|5 , 1|3|8|5 , 2|1|5|6
A_0075 , A , 37.65 , 2|2|2|1 , 1|2|2|2 , 1|4|7|5 , 2|3|8|6 , 3|2|5|8 , 4|3|5|8 , 3|1|6|6 , 2|1|6|7 , 4|3|8|6 , 1|2|8|5 , 1|3|8|5 , 2|1|5|6
A_0076 , A , 38.75 , 2|1|2|1 , 1|2|1|1 , 1|4|7|5 , 2|3|8|6 , 3|2|5|8 , 4|4|5|8 , 3|1|6|6 , 2|1|6|7 , 4|3|8|6 , 1|2|8|5 , 1|3|8|5 , 2|1|5|6
A_0077 , A , 39.7 , 1|1|1|2 , 2|1|1|1 , 1|4|7|5 , 2|3|8|6 , 3|2|5|8 , 4|4|5|8 , 3|1|6|6 , 2|1|6|7 , 4|3|8|6 , 1|2|8|5 , 1|3|8|5 , 2|1|5|7
A_0078 , A , 40.78 , 2|1|1|2 , 2|1|2|1 , 1|4|7|5 , 2|3|8|6 , 3|2|5|8 , 4|4|5|8 , 3|1|6|6 , 2|1|6|7 , 4|3|8|6 , 1|2|8|5 , 1|3|8|5 , 2|1|5|7
A_0080 , A , 44.28 , 2|1|1|2 , 2|1|2|1 , 1|4|7|5 , 2|3|8|6 , 3|2|5|8 , 3|4|5|8 , 3|1|6|6 , 2|1|6|7 , 4|3|8|6 , 1|2|8|5 , 1|3|8|5 , 2|1|5|7
A_0081 , A , 44.28 , 2|2|2|2 , 2|2|2|1 , 1|4|7|5 , 2|3|8|6 , 3|2|5|8 , 3|4|5|8 , 3|1|6|6 , 2|1|6|7 , 4|3|8|6 , 1|2|8|5 , 1|3|8|5 , 2|1|5|7
A_0082 , A , 44.28 , 2|1|1|2 , 2|1|2|2 , 1|4|7|5 , 2|3|8|6 , 3|2|5|8 , 3|4|5|8 , 3|1|6|6 , 2|1|6|7 , 4|3|8|6 , 1|2|8|5 , 1|3|8|5 , 2|1|5|7
A_0085 , A , 44.71 , 2|1|1|2 , 2|1|2|2 , 1|4|7|5 , 2|3|8|6 , 3|2|5|8 , 3|4|5|8 , 3|1|6|6 , 2|1|6|7 , 4|3|8|6 , 1|2|8|5 , 1|3|8|5 , 2|1|5|7
A_0086 , A , 44.73 , 2|1|1|2 , 2|1|2|1 , 1|4|7|5 , 2|3|8|6 , 3|2|5|8 , 3|4|5|8 , 3|1|6|6 , 2|1|6|7 , 4|3|8|6 , 1|2|8|5 , 1|3|8|5 , 2|1|5|7
A_0087 , A , 49.91 , 2|2|2|1 , 1|2|2|2 , 1|4|7|5 , 3|2|8|6 , 3|2|5|8 , 3|4|5|8 , 3|1|6|6 , 2|1|6|7 , 4|3|8|6 , 1|2|7|5 , 1|3|8|7 , 2|1|5|7
A_0088 , A , 49.91 , 1|1|2|2 , 2|2|2|2 , 1|4|7|5 , 3|2|8|6 , 3|2|5|8 , 3|4|5|8 , 3|1|6|6 , 2|1|6|7 , 4|3|8|6 , 1|2|7|5 , 1|3|8|7 , 2|1|5|7
A_0089 , A , 49.91 , 2|1|2|2 , 2|2|2|2 , 1|4|7|5 , 3|2|8|6 , 3|2|5|8 , 3|4|5|8 , 3|1|6|6 , 2|1|6|7 , 4|3|8|6 , 1|2|7|5 , 1|3|8|7 , 2|1|5|7
A_0090 , A , 49.91 , 1|2|1|1 , 1|1|2|1 , 1|4|7|5 , 3|2|8|6 , 3|2|5|8 , 3|4|5|8 , 3|1|6|6 , 2|1|6|7 , 4|3|8|6 , 1|2|7|5 , 1|3|8|7 , 2|1|5|7
A_0091 , A , 51.47 , 1|1|1|2 , 2|1|1|1 , 1|4|7|5 , 3|2|8|6 , 3|2|5|8 , 3|4|5|8 , 3|1|6|6 , 2|1|6|7 , 4|3|8|6 , 1|2|7|5 , 1|3|8|7 , 2|1|5|7
A_0092 , A , 51.47 , 2|1|1|2 , 2|1|2|1 , 1|4|7|5 , 3|2|8|6 , 3|2|5|8 , 3|4|5|8 , 3|1|6|6 , 2|1|6|7 , 4|3|8|6 , 1|2|7|5 , 1|3|8|7 , 2|1|5|7
A_0093 , A , 51.9 , 1|1|1|2 , 2|1|1|1 , 1|4|7|5 , 3|2|8|6 , 3|2|5|8 , 3|4|5|8 , 3|1|6|6 , 2|1|6|7 , 4|3|8|6 , 1|2|7|5 , 1|3|8|7 , 2|1|5|7
A_0094 , A , 52.39 , 1|2|2|2 , 2|2|2|2 , 1|4|7|5 , 3|2|8|6 , 3|2|5|8 , 3|4|5|8 , 3|1|6|6 , 2|1|6|7 , 4|3|8|6 , 1|2|7|5 , 1|3|8|7 , 2|1|5|7
A_0096 , A , 52.75 , 2|2|2|1 , 1|2|1|2 , 1|4|7|5 , 3|2|8|6 , 3|2|5|8 , 3|4|5|8 , 3|1|6|6 , 2|1|6|7 , 4|3|8|6 , 1|1|7|5 , 1|3|8|7 , 2|1|5|7
A_0097 , A , 52.75 , 1|1|1|2 , 2|1|2|1 , 1|4|7|5 , 3|2|8|6 , 3|2|5|8 , 3|4|5|8 , 3|1|6|6 , 2|1|6|7 , 4|3|8|6 , 1|1|7|5 , 1|3|8|7 , 2|1|5|7
A_0098 , A , 52.75 , 1|1|1|2 , 2|1|2|1 , 1|4|7|5 , 3|2|8|6 , 3|2|5|8 , 3|4|5|8 , 3|1|6|6 , 2|1|6|7 , 4|3|8|6 , 1|1|7|5 , 1|3|8|7 , 2|1|5|7
A_0100 , A , 55.11 , 2|2|1|2 , 2|1|2|1 , 1|4|7|5 , 3|2|8|6 , 3|2|5|8 , 3|4|5|8 , 3|1|6|6 , 2|1|6|7 , 4|3|8|6 , 1|1|7|5 , 1|3|8|7 , 2|1|5|7
A_0101 , A , 55.11 , 2|1|2|1 , 1|2|1|2 , 1|4|7|5 , 3|2|8|6 , 3|2|5|8 , 3|4|5|8 , 3|1|6|6 , 2|1|6|7 , 4|3|8|6 , 1|1|7|5 , 1|3|8|7 , 2|1|5|7
A_0103 , A , 56.99 , 2|2|1|2 , 2|1|2|1 , 1|4|7|5 , 3|2|8|6 , 3|2|5|8 , 3|4|5|8 , 3|1|6|6 , 2|1|6|7 , 2|3|8|6 , 1|1|7|5 , 1|3|6|7 , 2|1|5|7
A_0104 , A , 57.77 , 2|1|2|2 , 2|2|2|2 , 1|4|7|8 , 3|2|8|6 , 3|2|5|8 , 3|4|5|8 , 3|1|6|6 , 2|1|6|7 , 2|3|8|6 , 1|1|7|5 , 1|3|6|7 , 2|1|5|7
A_0105 , A , 57.87 , 1|2|1|1 , 1|1|1|1 , 1|4|7|8 , 3|2|8|6 , 3|2|5|8 , 3|4|5|8 , 3|1|6|6 , 2|1|6|7 , 2|3|8|6 , 1|1|7|5 , 1|3|6|7 , 2|1|5|7
A_0107 , A , 59.21 , 2|2|2|2 , 2|2|2|1 , 1|4|7|8 , 3|2|8|6 , 3|2|5|8 , 3|4|5|8 , 3|1|6|6 , 2|1|6|7 , 2|3|8|6 , 1|1|7|5 , 1|3|6|7 , 2|1|5|7
A_0108 , A , 59.21 , 1|1|2|2 , 1|2|1|2 , 1|4|7|8 , 3|2|8|6 , 3|2|5|8 , 3|4|5|8 , 3|1|6|6 , 2|1|6|7 , 2|3|8|6 , 1|1|7|5 , 1|3|6|7 , 2|1|5|7
A_0109 , A , 59.21 , 2|2|1|2 , 2|1|2|2 , 1|4|7|8 , 3|2|8|6 , 3|2|5|8 , 3|4|5|8 , 3|1|6|6 , 2|1|6|7 , 2|3|8|6 , 1|1|7|5 , 1|3|6|7 , 2|1|5|7
A_0110 , A , 59.25 , 1|1|2|1 , 1|2|2|1 , 1|4|7|8 , 3|2|8|6 , 3|2|5|8 , 3|4|5|8 , 3|1|6|6 , 2|1|6|7 , 2|3|8|6 , 1|1|7|5 , 1|3|6|7 , 2|1|5|7
A_0111 , A , 59.85 , 2|2|1|2 , 2|1|2|2 , 1|4|7|8 , 3|2|8|6 , 3|2|5|8 , 3|4|5|8 , 3|1|6|6 , 2|1|6|7 , 2|3|8|6 , 1|1|7|5 , 1|3|6|7 , 2|1|5|7
A_0112 , A , 60.09 , 1|1|1|1 , 1|1|2|1 , 1|4|7|8 , 3|2|8|6 , 3|2|5|8 , 3|4|5|8 , 3|1|6|6 , 2|1|6|7 , 2|3|8|6 , 1|1|7|5 , 1|3|6|7 , 2|1|5|7
A_0113 , A , 60.62 , 2|1|2|1 , 2|2|1|1 , 1|4|7|8 , 3|2|8|6 , 3|2|5|8 , 3|4|5|8 , 3|1|6|6 , 2|1|6|7 , 2|3|8|6 , 1|1|7|5 , 1|3|6|7 , 2|1|5|7
A_0114 , A , 60.97 , 2|1|2|2 , 2|2|1|2 , 1|2|7|8 , 3|2|8|6 , 3|2|5|8 , 3|4|5|8 , 3|1|6|6 , 2|1|6|7 , 2|3|8|6 , 1|1|7|5 , 1|3|6|7 , 2|1|5|7
A_0117 , A , 62.51 , 2|2|1|2 , 2|1|2|1 , 1|2|7|8 , 3|2|8|6 , 3|2|5|8 , 3|4|5|8 , 3|1|6|8 , 2|1|6|7 , 2|3|8|6 , 1|1|7|5 , 1|3|6|7 , 2|1|5|7
A_0118 , A , 62.65 , 1|1|2|1 , 1|2|1|2 , 1|2|7|8 , 3|2|8|6 , 3|2|5|8 , 3|4|5|8 , 3|1|6|8 , 2|1|6|7 , 2|3|8|6 , 1|1|7|5 , 1|3|6|7 , 2|1|5|7
A_0119 , A , 62.91 , 1|1|2|1 , 1|2|1|2 , 1|2|7|8 , 3|2|8|6 , 3|2|5|8 , 3|4|5|8 , 3|1|6|8 , 2|1|6|7 , 2|3|8|6 , 1|1|7|5 , 1|3|6|7 , 2|1|5|7
A_0120 , A , 63.91 , 2|2|2|2 , 2|2|1|2 , 1|2|7|8 , 3|2|8|6 , 3|2|5|8 , 3|4|5|8 , 3|1|6|8 , 2|1|6|7 , 2|3|8|6 , 1|1|7|5 , 1|3|6|7 , 2|1|5|7
A_0122 , A , 63.91 , 2|2|2|1 , 1|2|2|2 , 1|2|7|8 , 3|2|8|6 , 3|2|5|8 , 3|4|5|8 , 3|1|6|8 , 2|1|6|7 , 2|3|8|6 , 1|1|7|5 , 1|3|6|7 , 2|1|5|7
A_0123 , A , 65.04 , 1|2|1|2 , 2|1|1|1 , 1|2|7|8 , 3|2|8|6 , 3|2|5|8 , 3|4|5|8 , 3|1|6|8 , 2|1|6|7 , 2|3|8|6 , 1|1|7|5 , 1|3|6|7 , 2|1|5|7
A_0124 , A , 65.04 , 1|1|1|2 , 2|1|1|1 , 1|2|7|8 , 3|2|8|6 , 3|2|5|8 , 3|4|5|8 , 3|1|6|8 , 2|1|6|7 , 2|3|8|6 , 1|1|7|5 , 1|3|6|7 , 2|1|5|7
A_0125 , A , 66.27 , 2|1|2|1 , 1|2|2|2 , 1|2|7|8 , 3|2|8|6 , 3|2|5|8 , 3|4|5|8 , 3|1|6|8 , 2|1|6|7 , 2|3|8|6 , 1|1|7|5 , 1|3|6|7 , 2|1|5|7
A_0127 , A , 67.24 , 2|1|1|1 , 1|1|1|1 , 1|2|7|8 , 3|2|8|6 , 3|2|5|8 , 3|4|5|8 , 3|1|6|8 , 2|1|6|7 , 4|3|8|6 , 1|1|7|5 , 1|3|6|7 , 2|1|5|7
A_0128 , A , 67.78 , 2|2|2|2 , 2|1|1|1 , 1|2|7|8 , 3|2|8|6 , 3|2|5|8 , 3|4|5|8 , 3|1|6|8 , 2|1|6|7 , 4|3|8|6 , 1|1|7|5 , 1|3|6|7 , 2|1|5|7
A_0129 , A , 67.92 , 2|2|2|2 , 2|1|1|1 , 1|2|7|8 , 3|2|8|6 , 3|2|5|8 , 3|4|5|8 , 3|1|6|8 , 2|1|6|7 , 4|3|8|6 , 1|1|7|5 , 1|3|6|7 , 2|1|5|7
A_0130 , A , 68.31 , 1|1|2|2 , 2|1|1|1 , 1|2|7|8 , 3|2|8|6 , 3|2|5|8 , 3|4|5|8 , 3|1|6|8 , 2|1|6|7 , 4|3|8|6 , 1|1|7|5 , 1|3|6|7 , 2|1|5|7
A_0131 , A , 71.23 , 2|2|1|2 , 2|1|1|1 , 1|2|7|5 , 3|2|5|6 , 3|2|5|8 , 3|4|6|8 , 3|1|6|8 , 2|1|6|7 , 4|3|8|6 , 1|1|7|5 , 1|3|6|7 , 2|1|5|7
A_0132 , A , 71.63 , 1|1|1|1 , 2|1|1|1 , 1|2|7|5 , 3|2|5|6 , 3|2|5|8 , 3|4|6|8 , 3|1|6|8 , 2|1|6|7 , 4|3|8|6 , 1|1|7|5 , 1|3|6|7 , 2|1|5|7
A_0133 , A , 72.55 , 2|1|2|1 , 2|2|2|2 , 1|2|7|5 , 3|2|5|6 , 1|2|5|8 , 3|4|6|8 , 3|1|6|8 , 2|1|6|7 , 4|3|8|6 , 1|3|7|5 , 1|3|6|7 , 2|1|5|7
A_0136 , A , 74.49 , 1|2|1|2 , 2|1|1|1 , 1|2|7|5 , 3|2|5|6 , 1|2|5|8 , 3|4|6|8 , 3|1|6|8 , 2|1|6|7 , 4|3|8|6 , 1|3|7|5 , 1|3|6|5 , 2|1|5|7
A_0137 , A , 74.49 , 2|1|1|1 , 1|2|2|2 , 1|2|7|5 , 3|2|5|6 , 1|2|5|8 , 3|4|6|8 , 3|1|6|8 , 2|1|6|7 , 4|3|8|6 , 1|3|7|5 , 1|3|6|5 , 2|1|5|7
A_0139 , A , 76.28 , 2|1|2|2 , 1|2|2|2 , 1|2|7|5 , 3|2|5|6 , 1|2|5|8 , 3|4|6|8 , 3|1|6|8 , 2|1|6|7 , 4|3|8|6 , 1|3|7|5 , 1|3|6|5 , 2|1|5|7
A_0140 , A , 76.28 , 2|2|2|1 , 2|2|2|2 , 1|2|7|5 , 3|2|5|6 , 1|2|5|8 , 3|4|6|8 , 3|1|6|8 , 2|1|6|7 , 4|3|8|6 , 1|3|7|5 , 1|3|6|5 , 2|1|5|7
A_0141 , A , 76.28 , 1|2|2|2 , 2|1|1|1 , 1|2|7|5 , 3|2|5|6 , 1|2|5|8 , 3|4|6|8 , 3|1|6|8 , 2|1|6|7 , 4|3|8|6 , 1|3|7|5 , 1|3|6|5 , 2|1|5|7
A_0142 , A , 76.29 , 1|2|1|2 , 2|1|1|1 , 1|2|7|5 , 3|2|5|6 , 1|2|5|8 , 3|4|6|8 , 3|1|6|8 , 2|1|6|7 , 4|3|8|6 , 1|3|7|5 , 1|3|6|5 , 2|1|5|7
A_0143 , A , 76.29 , 2|1|2|1 , 1|2|2|2 , 1|2|7|5 , 3|2|5|6 , 1|2|5|8 , 3|4|6|8 , 3|1|6|8 , 2|1|6|7 , 4|3|8|6 , 1|3|7|5 , 1|3|6|5 , 2|1|5|7
A_0144 , A , 77.81 , 2|2|1|2 , 2|2|2|2 , 1|2|7|5 , 3|2|5|6 , 1|2|5|8 , 3|4|6|8 , 3|1|6|8 , 2|1|6|7 , 4|3|7|6 , 1|3|7|5 , 1|3|6|5 , 2|1|5|7
A_0145 , A , 77.81 , 1|2|1|1 , 2|1|1|1 , 1|2|7|5 , 3|2|5|6 , 1|2|5|8 , 3|4|6|8 , 3|1|6|8 , 2|1|6|7 , 4|3|7|6 , 1|3|7|5 , 1|3|6|5 , 2|1|5|7
A_0146 , A , 77.81 , 1|1|2|1 , 1|1|1|1 , 1|2|7|5 , 3|2|5|6 , 1|2|5|8 , 3|4|6|8 , 3|1|6|8 , 2|1|6|7 , 4|3|7|6 , 1|3|7|5 , 1|3|6|5 , 2|1|5|7
A_0150 , A , 78.65 , 2|1|2|2 , 1|2|2|2 , 1|2|7|5 , 3|2|5|6 , 1|2|5|8 , 3|4|6|8 , 3|1|6|8 , 2|1|6|7 , 4|3|7|6 , 1|3|7|5 , 1|3|6|5 , 2|1|5|7
A_0151 , A , 81.17 , 2|1|2|2 , 1|2|2|2 , 1|2|7|5 , 3|2|5|6 , 1|2|5|8 , 3|4|6|8 , 3|1|6|8 , 2|1|6|7 , 4|3|7|6 , 1|3|7|5 , 1|3|6|5 , 2|1|7|7
A_0153 , A , 81.73 , 2|1|2|2 , 1|2|2|2 , 1|2|7|5 , 3|2|5|6 , 1|2|5|8 , 3|4|6|8 , 3|1|6|8 , 2|1|6|7 , 4|3|7|6 , 1|3|7|5 , 1|3|6|5 , 2|1|7|7
A_0155 , A , 83.26 , 1|2|1|1 , 2|1|1|1 , 1|2|7|5 , 3|2|5|6 , 1|2|5|8 , 3|4|6|8 , 3|1|6|8 , 2|1|6|7 , 4|3|7|6 , 1|3|7|5 , 1|3|6|5 , 2|1|7|7
A_0156 , A , 84.04 , 1|2|2|2 , 2|1|1|1 , 1|2|6|5 , 3|2|5|6 , 1|2|5|8 , 3|4|6|8 , 3|1|6|8 , 2|1|6|7 , 4|3|7|6 , 1|3|7|5 , 1|3|6|5 , 2|1|7|7
A_0159 , A , 84.89 , 2|2|2|2 , 2|1|2|1 , 1|2|6|5 , 3|2|5|6 , 3|2|5|8 , 3|4|6|8 , 3|1|6|8 , 2|1|6|7 , 4|3|7|6 , 1|3|7|5 , 1|3|6|5 , 2|1|7|7
A_0160 , A , 84.89 , 1|1|1|2 , 1|2|1|2 , 1|2|6|5 , 3|2|5|6 , 3|2|5|8 , 3|4|6|8 , 3|1|6|8 , 2|1|6|7 , 4|3|7|6 , 1|3|7|5 , 1|3|6|5 , 2|1|7|7
A_0163 , A , 88.18 , 1|1|1|2 , 1|2|1|2 , 1|2|6|5 , 3|2|5|6 , 3|2|5|8 , 3|4|6|8 , 3|1|6|8 , 2|1|6|7 , 4|3|7|6 , 1|3|7|5 , 1|3|6|5 , 2|1|7|7
A_0165 , A , 88.63 , 1|1|1|2 , 1|2|1|2 , 1|2|6|5 , 3|2|5|6 , 3|2|5|8 , 3|4|6|8 , 3|1|6|8 , 2|1|6|7 , 4|3|7|6 , 1|3|7|5 , 1|3|6|5 , 2|1|7|7
A_0167 , A , 89.11 , 1|1|1|2 , 1|2|1|2 , 1|2|6|5 , 3|2|5|6 , 3|2|5|8 , 3|4|6|8 , 3|1|6|8 , 2|1|6|7 , 4|3|7|6 , 1|3|7|5 , 1|3|6|5 , 2|1|7|7
A_0168 , A , 89.27 , 1|1|1|2 , 1|1|1|2 , 1|2|6|5 , 3|2|5|6 , 3|2|5|8 , 3|4|6|8 , 3|1|6|8 , 2|1|6|7 , 4|3|7|6 , 1|3|7|5 , 1|3|6|5 , 2|1|7|7
A_0170 , A , 91.26 , 1|1|2|2 , 1|2|2|2 , 1|2|6|5 , 3|2|5|6 , 3|2|5|8 , 4|3|6|8 , 3|1|6|8 , 3|1|6|7 , 4|3|7|6 , 1|3|7|5 , 1|3|6|5 , 2|1|7|7
A_0171 , A , 91.6 , 1|2|2|1 , 2|2|2|1 , 1|2|6|5 , 3|2|5|6 , 3|2|5|8 , 4|3|6|8 , 3|1|6|8 , 3|1|6|7 , 4|3|7|6 , 1|3|7|5 , 1|3|6|5 , 2|1|7|7
A_0176 , A , 94.08 , 2|1|2|1 , 1|2|2|2 , 1|2|6|5 , 3|2|5|6 , 3|2|5|8 , 4|3|6|8 , 3|1|6|8 , 3|1|6|7 , 4|3|7|6 , 1|3|7|5 , 1|3|6|5 , 2|1|7|7
A_0177 , A , 94.08 , 2|1|1|2 , 1|1|1|1 , 1|2|6|5 , 3|2|5|6 , 3|2|5|8 , 4|3|6|8 , 3|1|6|8 , 3|1|6|7 , 4|3|7|6 , 1|3|7|5 , 1|3|6|5 , 2|1|7|7
A_0180 , A , 95.59 , 2|1|2|2 , 1|2|2|2 , 1|2|6|5 , 3|2|5|6 , 3|2|5|8 , 4|3|6|8 , 3|1|6|8 , 3|1|6|7 , 4|3|7|6 , 1|3|7|5 , 1|3|6|5 , 2|1|7|5
A_0181 , A , 97.24 , 1|1|2|1 , 1|2|2|1 , 1|2|6|5 , 3|2|5|6 , 3|2|5|8 , 4|3|6|8 , 3|1|6|8 , 3|1|6|7 , 4|3|7|6 , 1|3|7|5 , 1|3|6|5 , 2|1|7|5
A_0183 , A , 97.24 , 2|1|2|1 , 1|2|2|2 , 1|2|6|5 , 3|2|5|6 , 3|2|5|8 , 4|3|6|8 , 3|1|6|8 , 3|1|6|7 , 4|3|7|6 , 1|3|7|5 , 1|3|6|5 , 2|1|7|5
A_0184 , A , 97.24 , 2|2|2|1 , 2|2|2|2 , 1|2|6|5 , 3|2|5|6 , 3|2|5|8 , 4|3|6|8 , 3|1|6|8 , 3|1|6|7 , 4|3|7|6 , 1|3|7|5 , 1|3|6|5 , 2|1|7|5
A_0185 , A , 98.16 , 1|2|1|2 , 2|1|1|2 , 1|2|6|5 , 3|2|5|6 , 3|2|5|7 , 4|3|6|8 , 3|1|6|8 , 3|1|6|7 , 4|3|7|6 , 1|3|7|5 , 1|3|6|5 , 2|1|7|5
A_0186 , A , 99.38 , 1|2|1|1 , 2|1|1|2 , 1|2|6|5 , 3|2|5|6 , 3|2|5|7 , 4|3|6|8 , 3|1|6|8 , 3|1|6|7 , 4|3|7|6 , 1|3|7|5 , 1|3|6|5 , 1|2|7|5
A_0187 , A , 101.21 , 2|1|2|2 , 1|2|2|2 , 1|2|6|5 , 3|2|5|6 , 3|2|5|7 , 4|3|6|8 , 3|1|6|8 , 3|1|6|7 , 4|3|7|6 , 1|3|7|5 , 1|3|6|5 , 1|2|5|5
A_0192 , A , 104.77 , 1|2|2|2 , 2|2|2|2 , 1|2|6|5 , 3|2|5|6 , 3|2|5|7 , 4|3|6|8 , 3|1|6|8 , 3|1|6|7 , 4|3|7|6 , 1|3|7|5 , 1|3|6|5 , 1|2|5|5
A_0193 , A , 105.95 , 2|1|1|1 , 1|1|1|1 , 1|2|6|5 , 3|2|5|6 , 3|2|5|7 , 4|3|6|8 , 3|1|6|8 , 3|1|6|7 , 4|3|7|6 , 1|3|7|6 , 1|3|6|5 , 1|2|5|5
A_0194 , A , 108.15 , 2|2|2|2 , 2|1|2|2 , 1|2|6|5 , 3|2|5|6 , 3|2|5|7 , 4|3|6|8 , 3|1|6|8 , 3|1|6|7 , 4|3|7|6 , 1|3|7|6 , 1|3|6|5 , 1|2|5|5
A_0195 , A , 108.15 , 2|2|1|1 , 2|2|1|2 , 1|2|6|5 , 3|2|5|6 , 3|2|5|7 , 4|3|6|8 , 3|1|6|8 , 3|1|6|7 , 4|3|7|6 , 1|3|7|6 , 1|3|6|5 , 1|2|5|5
A_0196 , A , 108.15 , 2|2|1|1 , 2|2|1|2 , 1|2|6|5 , 3|2|5|6 , 3|2|5|7 , 4|3|6|8 , 3|1|6|8 , 3|1|6|7 , 4|3|7|6 , 1|3|7|6 , 1|3|6|5 , 1|2|5|5
A_0197 , A , 108.17 , 1|1|2|1 , 1|1|2|1 , 1|2|6|5 , 3|2|5|6 , 3|2|5|7 , 4|3|6|8 , 3|1|6|8 , 3|1|6|7 , 4|3|7|6 , 1|3|7|6 , 1|3|6|5 , 1|2|5|5
A_0198 , A , 109.31 , 2|2|1|1 , 2|2|1|2 , 1|2|6|5 , 3|2|5|6 , 3|2|5|7 , 4|3|6|8 , 3|1|6|8 , 3|1|6|7 , 4|3|7|6 , 1|3|7|6 , 1|3|6|5 , 1|2|5|5
A_0199 , A , 110.9 , 2|1|1|2 , 1|1|1|1 , 1|2|6|5 , 3|2|5|6 , 3|2|5|7 , 4|3|6|8 , 3|1|6|8 , 3|1|6|7 , 4|3|7|6 , 1|3|7|6 , 1|3|6|5 , 1|2|5|5
A_0200 , A , 112.18 , 1|1|2|2 , 1|1|2|1 , 1|2|6|5 , 3|2|5|6 , 3|2|5|7 , 4|3|6|8 , 3|1|6|8 , 3|1|6|7 , 4|3|7|6 , 1|3|7|6 , 1|3|6|5 , 1|2|5|5
A_0201 , A , 112.18 , 2|2|2|2 , 1|2|2|1 , 1|2|6|5 , 3|2|5|6 , 3|2|5|7 , 4|3|6|8 , 3|1|6|8 , 3|1|6|7 , 4|3|7|6 , 1|3|7|6 , 1|3|6|5 , 1|2|5|5
A_0202 , A , 112.18 , 1|1|1|1 , 2|1|1|2 , 1|2|6|5 , 3|2|5|6 , 3|2|5|7 , 4|3|6|8 , 3|1|6|8 , 3|1|6|7 , 4|3|7|6 , 1|3|7|6 , 1|3|6|5 , 1|2|5|5
A_0203 , A , 112.37 , 2|2|2|1 , 2|2|2|2 , 1|2|6|5 , 3|2|5|6 , 3|2|5|7 , 4|3|6|8 , 3|1|6|8 , 3|1|6|7 , 4|3|7|6 , 1|3|7|6 , 1|3|6|5 , 1|2|5|5
A_0204 , A , 113.41 , 1|2|1|1 , 1|2|1|1 , 1|2|6|5 , 3|2|5|6 , 3|2|5|7 , 4|3|6|8 , 3|1|6|8 , 3|1|6|7 , 4|3|7|6 , 1|3|7|6 , 1|3|6|5 , 1|2|5|5
A_0205 , A , 115.12 , 1|1|2|1 , 1|1|2|1 , 1|2|6|5 , 3|2|5|6 , 3|2|5|7 , 4|3|6|8 , 3|1|6|8 , 3|1|6|7 , 4|3|7|6 , 1|3|7|6 , 1|3|6|5 , 1|2|5|5
A_0206 , A , 115.12 , 1|2|1|2 , 1|2|1|1 , 1|2|6|5 , 3|2|5|6 , 3|2|5|7 , 4|3|6|8 , 3|1|6|8 , 3|1|6|7 , 4|3|7|6 , 1|3|7|6 , 1|3|6|5 , 1|2|5|5
A_0207 , A , 115.12 , 2|1|2|2 , 2|1|2|2 , 1|2|6|5 , 3|2|5|6 , 3|2|5|7 , 4|3|6|8 , 3|1|6|8 , 3|1|6|7 , 4|3|7|6 , 1|3|7|6 , 1|3|6|5 , 1|2|5|5
A_0208 , A , 115.99 , 2|2|2|2 , 1|2|2|1 , 1|2|6|5 , 3|2|5|6 , 3|2|5|7 , 4|3|6|8 , 3|1|6|8 , 3|1|6|7 , 4|3|7|6 , 1|3|7|6 , 1|3|6|5 , 1|2|5|5
A_0209 , A , 119.12 , 1|2|1|1 , 1|1|1|1 , 1|2|6|5 , 3|2|5|6 , 3|2|5|7 , 4|3|6|8 , 3|1|6|8 , 3|1|6|7 , 4|3|7|6 , 1|3|7|6 , 1|3|6|5 , 1|2|5|5
A_0210 , A , 119.12 , 1|2|2|2 , 1|2|2|1 , 1|2|6|5 , 3|2|5|6 , 3|2|5|7 , 4|3|6|8 , 3|1|6|8 , 3|1|6|7 , 4|3|7|6 , 1|3|7|6 , 1|3|6|5 , 1|2|5|5
A_0211 , A , 119.12 , 1|2|2|1 , 1|1|2|1 , 1|2|6|5 , 3|2|5|6 , 3|2|5|7 , 4|3|6|8 , 3|1|6|8 , 3|1|6|7 , 4|3|7|6 , 1|3|7|6 , 1|3|6|5 , 1|2|5|5
A_0212 , A , 120.39 , 2|2|1|2 , 2|2|1|2 , 1|2|6|5 , 3|2|5|6 , 3|2|5|7 , 4|3|6|8 , 3|1|6|8 , 3|1|6|7 , 4|3|7|6 , 1|3|7|6 , 1|3|6|5 , 1|2|5|5
A_0213 , A , 120.39 , 1|2|2|2 , 1|2|2|1 , 1|2|6|5 , 3|2|5|6 , 3|2|5|7 , 4|3|6|8 , 3|1|6|8 , 3|1|6|7 , 4|3|7|6 , 1|3|7|6 , 1|3|6|5 , 1|2|5|5
A_0214 , A , 120.76 , 2|1|2|2 , 2|2|2|2 , 1|2|6|5 , 3|2|5|6 , 3|2|5|7 , 4|3|6|8 , 3|1|6|8 , 3|1|6|7 , 4|3|7|6 , 1|3|7|6 , 1|3|6|5 , 1|2|5|5
A_0215 , A , 121.34 , 2|2|2|1 , 1|2|2|1 , 1|2|6|5 , 3|2|5|6 , 3|2|5|7 , 4|3|6|8 , 3|1|6|8 , 3|1|6|7 , 4|3|7|6 , 1|3|7|6 , 1|3|6|5 , 1|2|5|5
A_0216 , A , 121.9 , 1|2|1|1 , 1|1|1|1 , 1|2|6|5 , 3|2|5|6 , 3|2|5|7 , 4|3|6|8 , 3|1|6|8 , 3|1|6|7 , 4|3|7|6 , 1|3|7|6 , 1|3|6|5 , 1|2|5|5
A_0217 , A , 123.59 , 1|2|2|2 , 1|2|2|1 , 1|2|6|5 , 3|2|5|6 , 3|2|5|7 , 4|3|6|8 , 3|1|6|8 , 3|1|6|7 , 4|3|7|6 , 1|3|7|6 , 1|3|6|5 , 1|2|5|5
A_0218 , A , 124.03 , 2|1|2|1 , 2|2|2|2 , 1|2|6|5 , 3|2|5|6 , 3|2|5|7 , 4|3|6|8 , 3|1|6|8 , 3|1|6|7 , 4|3|7|6 , 1|3|7|6 , 1|3|6|5 , 1|2|5|5
A_0219 , A , 124.42 , 1|2|2|2 , 1|2|2|1 , 1|2|6|5 , 3|2|5|6 , 3|2|5|8 , 4|3|6|8 , 3|1|6|8 , 3|1|6|7 , 4|3|7|6 , 1|3|7|6 , 1|3|6|5 , 1|2|5|5
A_0220 , A , 125.18 , 2|1|2|2 , 2|2|2|2 , 1|2|6|5 , 3|2|5|6 , 3|2|5|8 , 4|3|6|8 , 3|1|6|8 , 3|1|6|7 , 4|3|7|6 , 1|3|7|6 , 1|3|6|5 , 1|2|5|5
A_0221 , A , 125.18 , 2|1|1|1 , 2|1|1|2 , 1|2|6|5 , 3|2|5|6 , 3|2|5|8 , 4|3|6|8 , 3|1|6|8 , 3|1|6|7 , 4|3|7|6 , 1|3|7|6 , 1|3|6|5 , 1|2|5|5
A_0222 , A , 127.1 , 2|2|2|1 , 2|2|2|2 , 1|2|6|5 , 3|2|5|6 , 3|2|5|8 , 4|1|6|8 , 3|1|6|8 , 3|1|6|7 , 4|3|7|6 , 1|3|7|6 , 1|4|6|5 , 1|2|5|5
A_0223 , A , 127.61 , 1|1|1|2 , 1|1|1|1 , 1|2|6|5 , 3|2|5|6 , 3|2|5|7 , 4|1|6|8 , 3|1|6|8 , 3|1|6|7 , 4|3|7|6 , 1|3|7|6 , 1|4|6|5 , 1|2|5|5
A_0224 , A , 127.61 , 1|1|2|2 , 1|1|2|1 , 1|2|6|5 , 3|2|5|6 , 3|2|5|7 , 4|1|6|8 , 3|1|6|8 , 3|1|6|7 , 4|3|7|6 , 1|3|7|6 , 1|4|6|5 , 1|2|5|5
A_0225 , A , 128.33 , 2|2|2|2 , 1|2|2|1 , 1|2|6|5 , 3|2|5|6 , 3|2|5|7 , 4|1|6|8 , 3|1|6|8 , 3|1|6|7 , 4|3|7|6 , 1|3|7|6 , 1|4|6|5 , 1|2|5|5
A_0226 , A , 130.08 , 1|2|2|1 , 1|2|2|1 , 1|2|6|5 , 3|2|5|6 , 3|2|5|7 , 2|1|6|8 , 3|1|6|8 , 3|1|6|7 , 4|3|7|6 , 1|3|7|6 , 1|4|6|5 , 1|2|5|5
A_0228 , A , 132.05 , 2|2|2|2 , 2|1|2|2 , 1|2|6|7 , 3|2|5|6 , 3|2|5|7 , 2|1|6|8 , 3|1|6|8 , 3|1|6|7 , 4|3|7|6 , 1|3|7|6 , 1|4|6|5 , 1|2|5|5
A_0229 , A , 132.05 , 1|1|1|1 , 1|2|1|1 , 1|2|6|7 , 3|2|5|6 , 3|2|5|7 , 2|1|6|8 , 3|1|6|8 , 3|1|6|7 , 4|3|7|6 , 1|3|7|6 , 1|4|6|5 , 1|2|5|5
A_0230 , A , 132.46 , 1|1|1|1 , 1|1|1|2 , 1|2|6|7 , 3|2|5|6 , 3|2|5|7 , 2|1|6|8 , 3|1|6|8 , 3|1|6|7 , 4|3|7|6 , 1|3|7|6 , 1|4|6|5 , 1|2|5|5
A_0232 , A , 134.97 , 2|1|1|1 , 2|2|1|1 , 1|4|6|7 , 3|2|5|6 , 3|2|5|7 , 2|1|6|8 , 3|1|6|8 , 3|1|6|7 , 4|3|7|6 , 1|3|7|8 , 1|4|6|5 , 1|2|5|5
A_0233 , A , 134.97 , 1|1|1|1 , 1|1|1|2 , 1|4|6|7 , 3|2|5|6 , 3|2|5|7 , 2|1|6|8 , 3|1|6|8 , 3|1|6|7 , 4|3|7|6 , 1|3|7|8 , 1|4|6|5 , 1|2|5|5
A_0234 , A , 135.7 , 2|2|2|1 , 2|1|2|2 , 1|4|6|7 , 3|2|5|6 , 3|2|5|7 , 2|1|6|8 , 3|1|6|8 , 3|1|6|7 , 4|3|7|6 , 1|3|7|8 , 1|4|6|5 , 1|2|5|5
A_0235 , A , 136.03 , 2|2|2|2 , 2|1|2|2 , 1|4|6|7 , 3|2|5|6 , 3|2|5|7 , 2|3|6|8 , 3|1|6|8 , 3|1|6|7 , 4|3|7|6 , 1|3|7|8 , 1|4|6|5 , 1|2|5|5
A_0237 , A , 138.08 , 1|2|2|2 , 1|2|2|2 , 1|4|6|7 , 3|2|5|6 , 3|2|5|8 , 2|3|6|8 , 3|1|8|8 , 3|1|6|7 , 4|3|7|6 , 1|3|7|8 , 1|4|6|5 , 1|2|5|5
A_0238 , A , 138.17 , 2|1|1|1 , 2|1|1|1 , 1|4|6|7 , 3|2|5|6 , 3|2|5|8 , 2|3|6|8 , 3|1|8|8 , 3|1|6|7 , 4|3|7|6 , 1|3|7|8 , 1|4|6|5 , 1|2|5|5
A_0239 , A , 139.29 , 2|2|2|1 , 2|2|2|1 , 1|4|6|7 , 3|2|5|6 , 3|2|5|8 , 2|3|6|8 , 3|1|8|8 , 3|1|6|7 , 4|3|7|6 , 1|3|7|8 , 2|4|6|5 , 1|2|5|5
A_0240 , A , 139.29 , 2|2|2|2 , 2|2|2|1 , 1|4|6|7 , 3|2|5|6 , 3|2|5|8 , 2|3|6|8 , 3|1|8|8 , 3|1|6|7 , 4|3|7|6 , 1|3|7|8 , 2|4|6|5 , 1|2|5|5
A_0242 , A , 140.32 , 1|1|1|2 , 1|1|1|2 , 1|4|6|7 , 3|2|5|6 , 3|2|5|8 , 2|3|6|8 , 3|1|8|8 , 3|1|6|7 , 4|3|7|6 , 1|3|7|8 , 2|4|6|5 , 1|2|5|5
A_0244 , A , 140.32 , 1|1|1|1 , 1|1|1|2 , 1|4|6|7 , 3|2|5|6 , 3|2|5|8 , 2|3|6|8 , 3|1|8|8 , 3|1|6|7 , 4|3|7|6 , 1|3|7|8 , 2|4|6|5 , 1|2|5|5
A_0245 , A , 141.77 , 1|1|1|2 , 1|1|1|2 , 1|4|6|7 , 3|2|5|6 , 3|2|5|7 , 2|3|6|8 , 3|1|8|8 , 3|1|6|7 , 4|3|7|6 , 1|3|7|8 , 2|4|6|5 , 1|2|5|5
A_0246 , A , 141.77 , 2|2|2|1 , 2|2|2|1 , 1|4|6|7 , 3|2|5|6 , 3|2|5|7 , 2|3|6|8 , 3|1|8|8 , 3|1|6|7 , 4|3|7|6 , 1|3|7|8 , 2|4|6|5 , 1|2|5|5
A_0247 , A , 141.89 , 1|1|1|2 , 1|1|1|2 , 1|4|6|7 , 3|2|5|6 , 3|2|5|7 , 2|3|6|8 , 3|1|8|8 , 3|1|6|7 , 4|3|7|6 , 1|3|7|8 , 2|4|6|5 , 1|2|5|5
A_0248 , A , 142.45 , 1|1|1|2 , 1|1|1|2 , 1|4|6|7 , 3|2|5|6 , 3|2|5|7 , 2|3|6|8 , 3|1|8|8 , 3|1|6|7 , 4|3|7|6 , 1|3|7|8 , 2|4|6|5 , 1|2|5|5
A_0249 , A , 143.76 , 1|1|1|1 , 1|2|1|1 , 1|4|6|7 , 3|2|5|6 , 3|2|5|7 , 2|3|6|8 , 3|1|8|8 , 3|1|6|7 , 4|3|7|6 , 1|3|7|8 , 2|4|6|5 , 1|2|5|5
A_0250 , A , 144.34 , 1|2|2|2 , 1|2|2|2 , 1|4|6|7 , 3|2|5|6 , 3|2|5|7 , 2|3|6|8 , 3|1|8|8 , 3|1|6|7 , 2|3|7|6 , 1|3|7|8 , 2|4|6|5 , 1|2|5|5
A_0251 , A , 144.76 , 2|2|2|1 , 2|2|2|1 , 1|4|6|7 , 3|2|5|6 , 3|2|5|7 , 2|3|6|8 , 3|1|8|8 , 3|1|6|7 , 2|3|7|6 , 1|3|7|8 , 2|4|6|5 , 1|2|5|5
A_0252 , A , 145.71 , 1|2|2|2 , 1|1|2|2 , 1|4|6|7 , 3|2|5|6 , 3|2|5|7 , 2|3|6|8 , 3|1|8|8 , 3|1|6|7 , 2|3|7|6 , 1|3|7|8 , 2|4|6|5 , 1|2|5|5
A_0253 , A , 145.75 , 1|1|1|2 , 1|1|1|2 , 1|4|6|7 , 3|2|5|6 , 3|2|5|7 , 2|3|6|8 , 3|1|8|8 , 3|1|6|7 , 2|3|7|6 , 1|3|7|8 , 2|4|6|5 , 1|2|5|5
A_0255 , A , 147.37 , 1|2|2|2 , 1|1|2|2 , 1|4|6|7 , 3|2|5|6 , 3|2|5|7 , 2|3|6|8 , 3|1|8|8 , 3|1|6|7 , 2|3|8|6 , 1|3|7|8 , 2|4|6|5 , 1|2|5|5
A_0256 , A , 148.39 , 2|2|2|1 , 2|2|2|1 , 3|4|6|7 , 3|2|5|6 , 3|2|5|7 , 2|3|6|8 , 4|1|8|8 , 3|1|6|7 , 2|3|8|6 , 1|3|7|8 , 2|4|6|5 , 1|2|5|5
A_0257 , A , 148.39 , 1|1|1|1 , 1|1|1|2 , 3|4|6|7 , 3|2|5|6 , 3|2|5|7 , 2|3|6|8 , 4|1|8|8 , 3|1|6|7 , 2|3|8|6 , 1|3|7|8 , 2|4|6|5 , 1|2|5|5
A_0258 , A , 148.39 , 2|2|2|2 , 2|2|2|1 , 3|4|6|7 , 3|2|5|6 , 3|2|5|7 , 2|3|6|8 , 4|1|8|8 , 3|1|6|7 , 2|3|8|6 , 1|3|7|8 , 2|4|6|5 , 1|2|5|5
